iteration(log10) 	error(log10)
1	-1.02138
2	-1.2847
3	-1.42767
4	-1.5272
5	-1.60377
6	-1.66609
7	-1.71866
8	-1.76416
9	-1.80427
10	-1.84016
11	-1.87263
12	-1.90229
13	-1.92959
14	-1.95488
15	-1.97844
16	-2.00049
17	-2.0212
18	-2.04072
19	-2.05918
20	-2.07666
21	-2.09326
22	-2.10905
23	-2.12409
24	-2.13845
25	-2.15216
26	-2.16529
27	-2.17786
28	-2.18993
29	-2.20152
30	-2.21268
31	-2.22343
32	-2.2338
33	-2.24383
34	-2.25354
35	-2.26295
36	-2.27209
37	-2.28098
38	-2.28964
39	-2.29808
40	-2.30633
41	-2.31441
42	-2.32232
43	-2.33007
44	-2.3377
45	-2.34519
46	-2.35257
47	-2.35984
48	-2.36702
49	-2.37411
50	-2.38111
51	-2.38805
52	-2.39491
53	-2.40171
54	-2.40845
55	-2.41514
56	-2.42179
57	-2.42838
58	-2.43494
59	-2.44145
60	-2.44794
61	-2.45439
62	-2.46081
63	-2.4672
64	-2.47357
65	-2.47991
66	-2.48623
67	-2.49253
68	-2.49881
69	-2.50508
70	-2.51133
71	-2.51756
72	-2.52378
73	-2.52998
74	-2.53618
75	-2.54236
76	-2.54853
77	-2.55469
78	-2.56084
79	-2.56698
80	-2.57311
81	-2.57923
82	-2.58535
83	-2.59146
84	-2.59756
85	-2.60366
86	-2.60975
87	-2.61583
88	-2.62191
89	-2.62798
90	-2.63405
91	-2.64012
92	-2.64617
93	-2.65223
94	-2.65828
95	-2.66433
96	-2.67037
97	-2.67641
98	-2.68245
99	-2.68848
100	-2.69452
101	-2.70054
102	-2.70657
103	-2.71259
104	-2.71861
105	-2.72463
106	-2.73065
107	-2.73666
108	-2.74267
109	-2.74868
110	-2.75469
111	-2.76069
112	-2.7667
113	-2.7727
114	-2.7787
115	-2.7847
116	-2.7907
117	-2.79669
118	-2.80269
119	-2.80868
120	-2.81468
121	-2.82067
122	-2.82666
123	-2.83265
124	-2.83863
125	-2.84462
126	-2.85061
127	-2.85659
128	-2.86258
129	-2.86856
130	-2.87454
131	-2.88053
132	-2.88651
133	-2.89249
134	-2.89847
135	-2.90445
136	-2.91043
137	-2.9164
138	-2.92238
139	-2.92836
140	-2.93433
141	-2.94031
142	-2.94629
143	-2.95226
144	-2.95824
145	-2.96421
146	-2.97018
147	-2.97616
148	-2.98213
149	-2.9881
150	-2.99407
151	-3.00005
152	-3.00602
153	-3.01199
154	-3.01796
155	-3.02393
156	-3.0299
157	-3.03587
158	-3.04184
159	-3.04781
160	-3.05378
161	-3.05975
162	-3.06572
163	-3.07169
164	-3.07765
165	-3.08362
166	-3.08959
167	-3.09556
168	-3.10153
169	-3.10749
170	-3.11346
171	-3.11943
172	-3.1254
173	-3.13136
174	-3.13733
175	-3.1433
176	-3.14926
177	-3.15523
178	-3.1612
179	-3.16716
180	-3.17313
181	-3.1791
182	-3.18506
183	-3.19103
184	-3.19699
185	-3.20296
186	-3.20893
187	-3.21489
188	-3.22086
189	-3.22682
190	-3.23279
191	-3.23875
192	-3.24472
193	-3.25068
194	-3.25665
195	-3.26262
196	-3.26858
197	-3.27455
198	-3.28051
199	-3.28648
200	-3.29244
201	-3.29841
202	-3.30437
203	-3.31034
204	-3.3163
205	-3.32227
206	-3.32823
207	-3.33419
208	-3.34016
209	-3.34612
210	-3.35209
211	-3.35805
212	-3.36402
213	-3.36998
214	-3.37595
215	-3.38191
216	-3.38788
217	-3.39384
218	-3.39981
219	-3.40577
220	-3.41173
221	-3.4177
222	-3.42366
223	-3.42963
224	-3.43559
225	-3.44156
226	-3.44752
227	-3.45348
228	-3.45945
229	-3.46541
230	-3.47138
231	-3.47734
232	-3.48331
233	-3.48927
234	-3.49523
235	-3.5012
236	-3.50716
237	-3.51313
238	-3.51909
239	-3.52506
240	-3.53102
241	-3.53698
242	-3.54295
243	-3.54891
244	-3.55488
245	-3.56084
246	-3.5668
247	-3.57277
248	-3.57873
249	-3.5847
250	-3.59066
251	-3.59662
252	-3.60259
253	-3.60855
254	-3.61452
255	-3.62048
256	-3.62645
257	-3.63241
258	-3.63837
259	-3.64434
260	-3.6503
261	-3.65627
262	-3.66223
263	-3.66819
264	-3.67416
265	-3.68012
266	-3.68609
267	-3.69205
268	-3.69801
269	-3.70398
270	-3.70994
271	-3.71591
272	-3.72187
273	-3.72783
274	-3.7338
275	-3.73976
276	-3.74573
277	-3.75169
278	-3.75765
279	-3.76362
280	-3.76958
281	-3.77555
282	-3.78151
283	-3.78747
284	-3.79344
285	-3.7994
286	-3.80537
287	-3.81133
288	-3.81729
289	-3.82326
290	-3.82922
291	-3.83519
292	-3.84115
293	-3.84711
294	-3.85308
295	-3.85904
296	-3.86501
297	-3.87097
298	-3.87693
299	-3.8829
300	-3.88886
301	-3.89483
302	-3.90079
303	-3.90675
304	-3.91272
305	-3.91868
306	-3.92465
307	-3.93061
308	-3.93657
309	-3.94254
310	-3.9485
311	-3.95447
312	-3.96043
313	-3.96639
314	-3.97236
315	-3.97832
316	-3.98429
317	-3.99025
318	-3.99621
319	-4.00218
320	-4.00814
321	-4.01411
322	-4.02007
323	-4.02603
324	-4.032
325	-4.03796
326	-4.04393
327	-4.04989
328	-4.05585
329	-4.06182
330	-4.06778
331	-4.07375
332	-4.07971
333	-4.08567
334	-4.09164
335	-4.0976
336	-4.10357
337	-4.10953
338	-4.11549
339	-4.12146
340	-4.12742
341	-4.13339
342	-4.13935
343	-4.14531
344	-4.15128
345	-4.15724
346	-4.16321
347	-4.16917
348	-4.17513
349	-4.1811
350	-4.18706
351	-4.19303
352	-4.19899
353	-4.20495
354	-4.21092
355	-4.21688
356	-4.22284
357	-4.22881
358	-4.23477
359	-4.24074
360	-4.2467
361	-4.25266
362	-4.25863
363	-4.26459
364	-4.27056
365	-4.27652
366	-4.28248
367	-4.28845
368	-4.29441
369	-4.30038
370	-4.30634
371	-4.3123
372	-4.31827
373	-4.32423
374	-4.3302
375	-4.33616
376	-4.34212
377	-4.34809
378	-4.35405
379	-4.36002
380	-4.36598
381	-4.37194
382	-4.37791
383	-4.38387
384	-4.38984
385	-4.3958
386	-4.40176
387	-4.40773
388	-4.41369
389	-4.41966
390	-4.42562
391	-4.43158
392	-4.43755
393	-4.44351
394	-4.44948
395	-4.45544
396	-4.4614
397	-4.46737
398	-4.47333
399	-4.4793
400	-4.48526
401	-4.49122
402	-4.49719
403	-4.50315
404	-4.50912
405	-4.51508
406	-4.52104
407	-4.52701
408	-4.53297
409	-4.53894
410	-4.5449
411	-4.55086
412	-4.55683
413	-4.56279
414	-4.56876
415	-4.57472
416	-4.58068
417	-4.58665
418	-4.59261
419	-4.59858
420	-4.60454
421	-4.6105
422	-4.61647
423	-4.62243
424	-4.6284
425	-4.63436
426	-4.64032
427	-4.64629
428	-4.65225
429	-4.65822
430	-4.66418
431	-4.67014
432	-4.67611
433	-4.68207
434	-4.68803
435	-4.694
436	-4.69996
437	-4.70593
438	-4.71189
439	-4.71785
440	-4.72382
441	-4.72978
442	-4.73575
443	-4.74171
444	-4.74767
445	-4.75364
446	-4.7596
447	-4.76557
448	-4.77153
449	-4.77749
450	-4.78346
451	-4.78942
452	-4.79539
453	-4.80135
454	-4.80731
455	-4.81328
456	-4.81924
457	-4.82521
458	-4.83117
459	-4.83713
460	-4.8431
461	-4.84906
462	-4.85503
463	-4.86099
464	-4.86695
465	-4.87292
466	-4.87888
467	-4.88485
468	-4.89081
469	-4.89677
470	-4.90274
471	-4.9087
472	-4.91467
473	-4.92063
474	-4.92659
475	-4.93256
476	-4.93852
477	-4.94449
478	-4.95045
479	-4.95641
480	-4.96238
481	-4.96834
482	-4.97431
483	-4.98027
484	-4.98623
485	-4.9922
486	-4.99816
487	-5.00413
488	-5.01009
489	-5.01605
490	-5.02202
491	-5.02798
492	-5.03395
493	-5.03991
494	-5.04587
495	-5.05184
496	-5.0578
497	-5.06377
498	-5.06973
499	-5.07569
500	-5.08166
501	-5.08762
502	-5.09359
503	-5.09955
504	-5.10551
505	-5.11148
506	-5.11744
507	-5.12341
508	-5.12937
509	-5.13533
510	-5.1413
511	-5.14726
512	-5.15322
513	-5.15919
514	-5.16515
515	-5.17112
516	-5.17708
517	-5.18304
518	-5.18901
519	-5.19497
520	-5.20094
521	-5.2069
522	-5.21286
523	-5.21883
524	-5.22479
525	-5.23076
526	-5.23672
527	-5.24268
528	-5.24865
529	-5.25461
530	-5.26058
531	-5.26654
532	-5.2725
533	-5.27847
534	-5.28443
535	-5.2904
536	-5.29636
537	-5.30232
538	-5.30829
539	-5.31425
540	-5.32022
541	-5.32618
542	-5.33214
543	-5.33811
544	-5.34407
545	-5.35004
546	-5.356
547	-5.36196
548	-5.36793
549	-5.37389
550	-5.37986
551	-5.38582
552	-5.39178
553	-5.39775
554	-5.40371
555	-5.40968
556	-5.41564
557	-5.4216
558	-5.42757
559	-5.43353
560	-5.4395
561	-5.44546
562	-5.45142
563	-5.45739
564	-5.46335
565	-5.46932
566	-5.47528
567	-5.48124
568	-5.48721
569	-5.49317
570	-5.49914
571	-5.5051
572	-5.51106
573	-5.51703
574	-5.52299
575	-5.52896
576	-5.53492
577	-5.54088
578	-5.54685
579	-5.55281
580	-5.55878
581	-5.56474
582	-5.5707
583	-5.57667
584	-5.58263
585	-5.5886
586	-5.59456
587	-5.60052
588	-5.60649
589	-5.61245
590	-5.61841
591	-5.62438
592	-5.63034
593	-5.63631
594	-5.64227
595	-5.64823
596	-5.6542
597	-5.66016
598	-5.66613
599	-5.67209
600	-5.67805
601	-5.68402
602	-5.68998
603	-5.69595
604	-5.70191
605	-5.70787
606	-5.71384
607	-5.7198
608	-5.72577
609	-5.73173
610	-5.73769
611	-5.74366
612	-5.74962
613	-5.75559
614	-5.76155
615	-5.76751
616	-5.77348
617	-5.77944
618	-5.78541
619	-5.79137
620	-5.79733
621	-5.8033
622	-5.80926
623	-5.81523
624	-5.82119
625	-5.82715
626	-5.83312
627	-5.83908
628	-5.84505
629	-5.85101
630	-5.85697
631	-5.86294
632	-5.8689
633	-5.87487
634	-5.88083
635	-5.88679
636	-5.89276
637	-5.89872
638	-5.90469
639	-5.91065
640	-5.91661
641	-5.92258
642	-5.92854
643	-5.93451
644	-5.94047
645	-5.94643
646	-5.9524
647	-5.95836
648	-5.96433
649	-5.97029
650	-5.97625
651	-5.98222
652	-5.98818
653	-5.99415
654	-6.00011
