iteration(log10) 	error(log10)
1	0.897606
2	0.542838
3	0.387181
4	0.282989
5	0.204218
6	0.140772
7	0.0875851
8	0.0417051
9	0.001257
10	-0.0350078
11	-0.0679462
12	-0.0981616
13	-0.12609
14	-0.152057
15	-0.176309
16	-0.199044
17	-0.22042
18	-0.240569
19	-0.259604
20	-0.277621
21	-0.294705
22	-0.310932
23	-0.326368
24	-0.341075
25	-0.355106
26	-0.368513
27	-0.38134
28	-0.393629
29	-0.405419
30	-0.416743
31	-0.427634
32	-0.438121
33	-0.448232
34	-0.457992
35	-0.467423
36	-0.476547
37	-0.485383
38	-0.493949
39	-0.502263
40	-0.510339
41	-0.518191
42	-0.525834
43	-0.533279
44	-0.540538
45	-0.547621
46	-0.554538
47	-0.561298
48	-0.56791
49	-0.574381
50	-0.580718
51	-0.586929
52	-0.59302
53	-0.598997
54	-0.604865
55	-0.61063
56	-0.616296
57	-0.621868
58	-0.62735
59	-0.632747
60	-0.638062
61	-0.643298
62	-0.648459
63	-0.653548
64	-0.658568
65	-0.663522
66	-0.668413
67	-0.673242
68	-0.678013
69	-0.682727
70	-0.687387
71	-0.691995
72	-0.696552
73	-0.701061
74	-0.705523
75	-0.709941
76	-0.714314
77	-0.718646
78	-0.722937
79	-0.727189
80	-0.731404
81	-0.735582
82	-0.739724
83	-0.743833
84	-0.747908
85	-0.751952
86	-0.755965
87	-0.759948
88	-0.763902
89	-0.767828
90	-0.771728
91	-0.775601
92	-0.779448
93	-0.783271
94	-0.787071
95	-0.790847
96	-0.794601
97	-0.798334
98	-0.802046
99	-0.805737
100	-0.809409
101	-0.813061
102	-0.816695
103	-0.820312
104	-0.823911
105	-0.827493
106	-0.831059
107	-0.834609
108	-0.838144
109	-0.841664
110	-0.84517
111	-0.848662
112	-0.85214
113	-0.855606
114	-0.859058
115	-0.862498
116	-0.865926
117	-0.869343
118	-0.872748
119	-0.876143
120	-0.879527
121	-0.882901
122	-0.886264
123	-0.889618
124	-0.892963
125	-0.896299
126	-0.899626
127	-0.902944
128	-0.906254
129	-0.909556
130	-0.91285
131	-0.916136
132	-0.919415
133	-0.922687
134	-0.925952
135	-0.92921
136	-0.932462
137	-0.935707
138	-0.938947
139	-0.94218
140	-0.945407
141	-0.948629
142	-0.951845
143	-0.955056
144	-0.958261
145	-0.961462
146	-0.964658
147	-0.967849
148	-0.971035
149	-0.974217
150	-0.977394
151	-0.980567
152	-0.983736
153	-0.986901
154	-0.990062
155	-0.99322
156	-0.996373
157	-0.999523
158	-1.00267
159	-1.00581
160	-1.00895
161	-1.01209
162	-1.01522
163	-1.01835
164	-1.02148
165	-1.0246
166	-1.02773
167	-1.03084
168	-1.03396
169	-1.03707
170	-1.04018
171	-1.04329
172	-1.0464
173	-1.0495
174	-1.0526
175	-1.0557
176	-1.0588
177	-1.0619
178	-1.06499
179	-1.06808
180	-1.07117
181	-1.07425
182	-1.07734
183	-1.08042
184	-1.0835
185	-1.08658
186	-1.08966
187	-1.09274
188	-1.09581
189	-1.09888
190	-1.10195
191	-1.10502
192	-1.10809
193	-1.11116
194	-1.11422
195	-1.11729
196	-1.12035
197	-1.12341
198	-1.12647
199	-1.12953
200	-1.13259
201	-1.13564
202	-1.1387
203	-1.14175
204	-1.14481
205	-1.14786
206	-1.15091
207	-1.15396
208	-1.157
209	-1.16005
210	-1.1631
211	-1.16614
212	-1.16919
213	-1.17223
214	-1.17527
215	-1.17832
216	-1.18136
217	-1.1844
218	-1.18743
219	-1.19047
220	-1.19351
221	-1.19655
222	-1.19958
223	-1.20262
224	-1.20565
225	-1.20868
226	-1.21172
227	-1.21475
228	-1.21778
229	-1.22081
230	-1.22384
231	-1.22687
232	-1.2299
233	-1.23292
234	-1.23595
235	-1.23898
236	-1.242
237	-1.24503
238	-1.24805
239	-1.25108
240	-1.2541
241	-1.25712
242	-1.26015
243	-1.26317
244	-1.26619
245	-1.26921
246	-1.27223
247	-1.27525
248	-1.27827
249	-1.28129
250	-1.28431
251	-1.28732
252	-1.29034
253	-1.29336
254	-1.29638
255	-1.29939
256	-1.30241
257	-1.30542
258	-1.30844
259	-1.31145
260	-1.31446
261	-1.31748
262	-1.32049
263	-1.3235
264	-1.32652
265	-1.32953
266	-1.33254
267	-1.33555
268	-1.33856
269	-1.34157
270	-1.34458
271	-1.34759
272	-1.3506
273	-1.35361
274	-1.35662
275	-1.35963
276	-1.36264
277	-1.36564
278	-1.36865
279	-1.37166
280	-1.37467
281	-1.37767
282	-1.38068
283	-1.38369
284	-1.38669
285	-1.3897
286	-1.3927
287	-1.39571
288	-1.39871
289	-1.40172
290	-1.40472
291	-1.40772
292	-1.41073
293	-1.41373
294	-1.41673
295	-1.41974
296	-1.42274
297	-1.42574
298	-1.42875
299	-1.43175
300	-1.43475
301	-1.43775
302	-1.44075
303	-1.44375
304	-1.44675
305	-1.44976
306	-1.45276
307	-1.45576
308	-1.45876
309	-1.46176
310	-1.46476
311	-1.46776
312	-1.47076
313	-1.47376
314	-1.47675
315	-1.47975
316	-1.48275
317	-1.48575
318	-1.48875
319	-1.49175
320	-1.49475
321	-1.49774
322	-1.50074
323	-1.50374
324	-1.50674
325	-1.50973
326	-1.51273
327	-1.51573
328	-1.51873
329	-1.52172
330	-1.52472
331	-1.52772
332	-1.53071
333	-1.53371
334	-1.5367
335	-1.5397
336	-1.5427
337	-1.54569
338	-1.54869
339	-1.55168
340	-1.55468
341	-1.55767
342	-1.56067
343	-1.56366
344	-1.56666
345	-1.56965
346	-1.57265
347	-1.57564
348	-1.57864
349	-1.58163
350	-1.58463
351	-1.58762
352	-1.59061
353	-1.59361
354	-1.5966
355	-1.5996
356	-1.60259
357	-1.60558
358	-1.60858
359	-1.61157
360	-1.61456
361	-1.61756
362	-1.62055
363	-1.62354
364	-1.62654
365	-1.62953
366	-1.63252
367	-1.63552
368	-1.63851
369	-1.6415
370	-1.64449
371	-1.64749
372	-1.65048
373	-1.65347
374	-1.65646
375	-1.65946
376	-1.66245
377	-1.66544
378	-1.66843
379	-1.67142
380	-1.67442
381	-1.67741
382	-1.6804
383	-1.68339
384	-1.68638
385	-1.68937
386	-1.69237
387	-1.69536
388	-1.69835
389	-1.70134
390	-1.70433
391	-1.70732
392	-1.71031
393	-1.71331
394	-1.7163
395	-1.71929
396	-1.72228
397	-1.72527
398	-1.72826
399	-1.73125
400	-1.73424
401	-1.73723
402	-1.74022
403	-1.74321
404	-1.74621
405	-1.7492
406	-1.75219
407	-1.75518
408	-1.75817
409	-1.76116
410	-1.76415
411	-1.76714
412	-1.77013
413	-1.77312
414	-1.77611
415	-1.7791
416	-1.78209
417	-1.78508
418	-1.78807
419	-1.79106
420	-1.79405
421	-1.79704
422	-1.80003
423	-1.80302
424	-1.80601
425	-1.809
426	-1.81199
427	-1.81498
428	-1.81797
429	-1.82096
430	-1.82395
431	-1.82694
432	-1.82993
433	-1.83292
434	-1.83591
435	-1.8389
436	-1.84189
437	-1.84488
438	-1.84787
439	-1.85086
440	-1.85385
441	-1.85684
442	-1.85983
443	-1.86282
444	-1.86581
445	-1.8688
446	-1.87179
447	-1.87478
448	-1.87777
449	-1.88076
450	-1.88375
451	-1.88674
452	-1.88972
453	-1.89271
454	-1.8957
455	-1.89869
456	-1.90168
457	-1.90467
458	-1.90766
459	-1.91065
460	-1.91364
461	-1.91663
462	-1.91962
463	-1.92261
464	-1.9256
465	-1.92859
466	-1.93158
467	-1.93457
468	-1.93755
469	-1.94054
470	-1.94353
471	-1.94652
472	-1.94951
473	-1.9525
474	-1.95549
475	-1.95848
476	-1.96147
477	-1.96446
478	-1.96745
479	-1.97044
480	-1.97343
481	-1.97642
482	-1.9794
483	-1.98239
484	-1.98538
485	-1.98837
486	-1.99136
487	-1.99435
488	-1.99734
489	-2.00033
490	-2.00332
491	-2.00631
492	-2.0093
493	-2.01229
494	-2.01527
495	-2.01826
496	-2.02125
497	-2.02424
498	-2.02723
499	-2.03022
500	-2.03321
501	-2.0362
502	-2.03919
503	-2.04218
504	-2.04517
505	-2.04816
506	-2.05114
507	-2.05413
508	-2.05712
509	-2.06011
510	-2.0631
511	-2.06609
512	-2.06908
513	-2.07207
514	-2.07506
515	-2.07805
516	-2.08104
517	-2.08402
518	-2.08701
519	-2.09
520	-2.09299
521	-2.09598
522	-2.09897
523	-2.10196
524	-2.10495
525	-2.10794
526	-2.11093
527	-2.11392
528	-2.11691
529	-2.11989
530	-2.12288
531	-2.12587
532	-2.12886
533	-2.13185
534	-2.13484
535	-2.13783
536	-2.14082
537	-2.14381
538	-2.1468
539	-2.14979
540	-2.15278
541	-2.15577
542	-2.15875
543	-2.16174
544	-2.16473
545	-2.16772
546	-2.17071
547	-2.1737
548	-2.17669
549	-2.17968
550	-2.18267
551	-2.18566
552	-2.18865
553	-2.19164
554	-2.19463
555	-2.19761
556	-2.2006
557	-2.20359
558	-2.20658
559	-2.20957
560	-2.21256
561	-2.21555
562	-2.21854
563	-2.22153
564	-2.22452
565	-2.22751
566	-2.2305
567	-2.23349
568	-2.23648
569	-2.23947
570	-2.24245
571	-2.24544
572	-2.24843
573	-2.25142
574	-2.25441
575	-2.2574
576	-2.26039
577	-2.26338
578	-2.26637
579	-2.26936
580	-2.27235
581	-2.27534
582	-2.27833
583	-2.28132
584	-2.28431
585	-2.2873
586	-2.29029
587	-2.29327
588	-2.29626
589	-2.29925
590	-2.30224
591	-2.30523
592	-2.30822
593	-2.31121
594	-2.3142
595	-2.31719
596	-2.32018
597	-2.32317
598	-2.32616
599	-2.32915
600	-2.33214
601	-2.33513
602	-2.33812
603	-2.34111
604	-2.3441
605	-2.34709
606	-2.35008
607	-2.35307
608	-2.35605
609	-2.35904
610	-2.36203
611	-2.36502
612	-2.36801
613	-2.371
614	-2.37399
615	-2.37698
616	-2.37997
617	-2.38296
618	-2.38595
619	-2.38894
620	-2.39193
621	-2.39492
622	-2.39791
623	-2.4009
624	-2.40389
625	-2.40688
626	-2.40987
627	-2.41286
628	-2.41585
629	-2.41884
630	-2.42183
631	-2.42482
632	-2.42781
633	-2.4308
634	-2.43379
635	-2.43678
636	-2.43977
637	-2.44276
638	-2.44575
639	-2.44874
640	-2.45173
641	-2.45472
642	-2.45771
643	-2.4607
644	-2.46368
645	-2.46667
646	-2.46966
647	-2.47265
648	-2.47564
649	-2.47863
650	-2.48162
651	-2.48461
652	-2.4876
653	-2.49059
654	-2.49358
655	-2.49657
656	-2.49956
657	-2.50255
658	-2.50554
659	-2.50853
660	-2.51152
661	-2.51451
662	-2.5175
663	-2.52049
664	-2.52348
665	-2.52647
666	-2.52946
667	-2.53245
668	-2.53544
669	-2.53843
670	-2.54142
671	-2.54441
672	-2.5474
673	-2.55039
674	-2.55338
675	-2.55637
676	-2.55936
677	-2.56235
678	-2.56534
679	-2.56833
680	-2.57132
681	-2.57431
682	-2.5773
683	-2.58029
684	-2.58328
685	-2.58627
686	-2.58926
687	-2.59225
688	-2.59524
689	-2.59823
690	-2.60122
691	-2.60421
692	-2.6072
693	-2.6102
694	-2.61319
695	-2.61618
696	-2.61917
697	-2.62216
698	-2.62515
699	-2.62814
700	-2.63113
701	-2.63412
702	-2.63711
703	-2.6401
704	-2.64309
705	-2.64608
706	-2.64907
707	-2.65206
708	-2.65505
709	-2.65804
710	-2.66103
711	-2.66402
712	-2.66701
713	-2.67
714	-2.67299
715	-2.67598
716	-2.67897
717	-2.68196
718	-2.68495
719	-2.68794
720	-2.69093
721	-2.69392
722	-2.69691
723	-2.6999
724	-2.70289
725	-2.70588
726	-2.70887
727	-2.71186
728	-2.71485
729	-2.71784
730	-2.72083
731	-2.72383
732	-2.72682
733	-2.72981
734	-2.7328
735	-2.73579
736	-2.73878
737	-2.74177
738	-2.74476
739	-2.74775
740	-2.75074
741	-2.75373
742	-2.75672
743	-2.75971
744	-2.7627
745	-2.76569
746	-2.76868
747	-2.77167
748	-2.77466
749	-2.77765
750	-2.78064
751	-2.78363
752	-2.78662
753	-2.78961
754	-2.79261
755	-2.7956
756	-2.79859
757	-2.80158
758	-2.80457
759	-2.80756
760	-2.81055
761	-2.81354
762	-2.81653
763	-2.81952
764	-2.82251
765	-2.8255
766	-2.82849
767	-2.83148
768	-2.83447
769	-2.83746
770	-2.84045
771	-2.84344
772	-2.84644
773	-2.84943
774	-2.85242
775	-2.85541
776	-2.8584
777	-2.86139
778	-2.86438
779	-2.86737
780	-2.87036
781	-2.87335
782	-2.87634
783	-2.87933
784	-2.88232
785	-2.88531
786	-2.8883
787	-2.89129
788	-2.89428
789	-2.89728
790	-2.90027
791	-2.90326
792	-2.90625
793	-2.90924
794	-2.91223
795	-2.91522
796	-2.91821
797	-2.9212
798	-2.92419
799	-2.92718
800	-2.93017
801	-2.93316
802	-2.93615
803	-2.93915
804	-2.94214
805	-2.94513
806	-2.94812
807	-2.95111
808	-2.9541
809	-2.95709
810	-2.96008
811	-2.96307
812	-2.96606
813	-2.96905
814	-2.97204
815	-2.97503
816	-2.97802
817	-2.98102
818	-2.98401
819	-2.987
820	-2.98999
821	-2.99298
822	-2.99597
823	-2.99896
824	-3.00195
825	-3.00494
826	-3.00793
827	-3.01092
828	-3.01391
829	-3.01691
830	-3.0199
831	-3.02289
832	-3.02588
833	-3.02887
834	-3.03186
835	-3.03485
836	-3.03784
837	-3.04083
838	-3.04382
839	-3.04681
840	-3.0498
841	-3.0528
842	-3.05579
843	-3.05878
844	-3.06177
845	-3.06476
846	-3.06775
847	-3.07074
848	-3.07373
849	-3.07672
850	-3.07971
851	-3.0827
852	-3.08569
853	-3.08869
854	-3.09168
855	-3.09467
856	-3.09766
857	-3.10065
858	-3.10364
859	-3.10663
860	-3.10962
861	-3.11261
862	-3.1156
863	-3.11859
864	-3.12159
865	-3.12458
866	-3.12757
867	-3.13056
868	-3.13355
869	-3.13654
870	-3.13953
871	-3.14252
872	-3.14551
873	-3.1485
874	-3.15149
875	-3.15449
876	-3.15748
877	-3.16047
878	-3.16346
879	-3.16645
880	-3.16944
881	-3.17243
882	-3.17542
883	-3.17841
884	-3.1814
885	-3.1844
886	-3.18739
887	-3.19038
888	-3.19337
889	-3.19636
890	-3.19935
891	-3.20234
892	-3.20533
893	-3.20832
894	-3.21131
895	-3.21431
896	-3.2173
897	-3.22029
898	-3.22328
899	-3.22627
900	-3.22926
901	-3.23225
902	-3.23524
903	-3.23823
904	-3.24122
905	-3.24422
906	-3.24721
907	-3.2502
908	-3.25319
909	-3.25618
910	-3.25917
911	-3.26216
912	-3.26515
913	-3.26814
914	-3.27114
915	-3.27413
916	-3.27712
917	-3.28011
918	-3.2831
919	-3.28609
920	-3.28908
921	-3.29207
922	-3.29506
923	-3.29805
924	-3.30105
925	-3.30404
926	-3.30703
927	-3.31002
928	-3.31301
929	-3.316
930	-3.31899
931	-3.32198
932	-3.32497
933	-3.32797
934	-3.33096
935	-3.33395
936	-3.33694
937	-3.33993
938	-3.34292
939	-3.34591
940	-3.3489
941	-3.35189
942	-3.35489
943	-3.35788
944	-3.36087
945	-3.36386
946	-3.36685
947	-3.36984
948	-3.37283
949	-3.37582
950	-3.37881
951	-3.38181
952	-3.3848
953	-3.38779
954	-3.39078
955	-3.39377
956	-3.39676
957	-3.39975
958	-3.40274
959	-3.40574
960	-3.40873
961	-3.41172
962	-3.41471
963	-3.4177
964	-3.42069
965	-3.42368
966	-3.42667
967	-3.42966
968	-3.43266
969	-3.43565
970	-3.43864
971	-3.44163
972	-3.44462
973	-3.44761
974	-3.4506
975	-3.45359
976	-3.45659
977	-3.45958
978	-3.46257
979	-3.46556
980	-3.46855
981	-3.47154
982	-3.47453
983	-3.47752
984	-3.48051
985	-3.48351
986	-3.4865
987	-3.48949
988	-3.49248
989	-3.49547
990	-3.49846
991	-3.50145
992	-3.50444
993	-3.50744
994	-3.51043
995	-3.51342
996	-3.51641
997	-3.5194
998	-3.52239
999	-3.52538
1000	-3.52837
1001	-3.53137
1002	-3.53436
1003	-3.53735
1004	-3.54034
1005	-3.54333
1006	-3.54632
1007	-3.54931
1008	-3.5523
1009	-3.5553
1010	-3.55829
1011	-3.56128
1012	-3.56427
1013	-3.56726
1014	-3.57025
1015	-3.57324
1016	-3.57623
1017	-3.57922
1018	-3.58222
1019	-3.58521
1020	-3.5882
1021	-3.59119
1022	-3.59418
1023	-3.59717
1024	-3.60016
1025	-3.60315
1026	-3.60615
1027	-3.60914
1028	-3.61213
1029	-3.61512
1030	-3.61811
1031	-3.6211
1032	-3.62409
1033	-3.62709
1034	-3.63008
1035	-3.63307
1036	-3.63606
1037	-3.63905
1038	-3.64204
1039	-3.64503
1040	-3.64802
1041	-3.65102
1042	-3.65401
1043	-3.657
1044	-3.65999
1045	-3.66298
1046	-3.66597
1047	-3.66896
1048	-3.67195
1049	-3.67495
1050	-3.67794
1051	-3.68093
1052	-3.68392
1053	-3.68691
1054	-3.6899
1055	-3.69289
1056	-3.69588
1057	-3.69888
1058	-3.70187
1059	-3.70486
1060	-3.70785
1061	-3.71084
1062	-3.71383
1063	-3.71682
1064	-3.71981
1065	-3.72281
1066	-3.7258
1067	-3.72879
1068	-3.73178
1069	-3.73477
1070	-3.73776
1071	-3.74075
1072	-3.74375
1073	-3.74674
1074	-3.74973
1075	-3.75272
1076	-3.75571
1077	-3.7587
1078	-3.76169
1079	-3.76468
1080	-3.76768
1081	-3.77067
1082	-3.77366
1083	-3.77665
1084	-3.77964
1085	-3.78263
1086	-3.78562
1087	-3.78862
1088	-3.79161
1089	-3.7946
1090	-3.79759
1091	-3.80058
1092	-3.80357
1093	-3.80656
1094	-3.80955
1095	-3.81255
1096	-3.81554
1097	-3.81853
1098	-3.82152
1099	-3.82451
1100	-3.8275
1101	-3.83049
1102	-3.83349
1103	-3.83648
1104	-3.83947
1105	-3.84246
1106	-3.84545
1107	-3.84844
1108	-3.85143
1109	-3.85442
1110	-3.85742
1111	-3.86041
1112	-3.8634
1113	-3.86639
1114	-3.86938
1115	-3.87237
1116	-3.87536
1117	-3.87836
1118	-3.88135
1119	-3.88434
1120	-3.88733
1121	-3.89032
1122	-3.89331
1123	-3.8963
1124	-3.89929
1125	-3.90229
1126	-3.90528
1127	-3.90827
1128	-3.91126
1129	-3.91425
1130	-3.91724
1131	-3.92023
1132	-3.92323
1133	-3.92622
1134	-3.92921
1135	-3.9322
1136	-3.93519
1137	-3.93818
1138	-3.94117
1139	-3.94417
1140	-3.94716
1141	-3.95015
1142	-3.95314
1143	-3.95613
1144	-3.95912
1145	-3.96211
1146	-3.9651
1147	-3.9681
1148	-3.97109
1149	-3.97408
1150	-3.97707
1151	-3.98006
1152	-3.98305
1153	-3.98604
1154	-3.98904
1155	-3.99203
1156	-3.99502
1157	-3.99801
1158	-4.001
1159	-4.00399
1160	-4.00698
1161	-4.00998
1162	-4.01297
1163	-4.01596
1164	-4.01895
1165	-4.02194
1166	-4.02493
1167	-4.02792
1168	-4.03092
1169	-4.03391
1170	-4.0369
1171	-4.03989
1172	-4.04288
1173	-4.04587
1174	-4.04886
1175	-4.05185
1176	-4.05485
1177	-4.05784
1178	-4.06083
1179	-4.06382
1180	-4.06681
1181	-4.0698
1182	-4.07279
1183	-4.07579
1184	-4.07878
1185	-4.08177
1186	-4.08476
1187	-4.08775
1188	-4.09074
1189	-4.09373
1190	-4.09673
1191	-4.09972
1192	-4.10271
1193	-4.1057
1194	-4.10869
1195	-4.11168
1196	-4.11467
1197	-4.11767
1198	-4.12066
1199	-4.12365
1200	-4.12664
1201	-4.12963
1202	-4.13262
1203	-4.13561
1204	-4.13861
1205	-4.1416
1206	-4.14459
1207	-4.14758
1208	-4.15057
1209	-4.15356
1210	-4.15655
1211	-4.15955
1212	-4.16254
1213	-4.16553
1214	-4.16852
1215	-4.17151
1216	-4.1745
1217	-4.17749
1218	-4.18048
1219	-4.18348
1220	-4.18647
1221	-4.18946
1222	-4.19245
1223	-4.19544
1224	-4.19843
1225	-4.20142
1226	-4.20442
1227	-4.20741
1228	-4.2104
1229	-4.21339
1230	-4.21638
1231	-4.21937
1232	-4.22236
1233	-4.22536
1234	-4.22835
1235	-4.23134
1236	-4.23433
1237	-4.23732
1238	-4.24031
1239	-4.2433
1240	-4.2463
1241	-4.24929
1242	-4.25228
1243	-4.25527
1244	-4.25826
1245	-4.26125
1246	-4.26424
1247	-4.26724
1248	-4.27023
1249	-4.27322
1250	-4.27621
1251	-4.2792
1252	-4.28219
1253	-4.28518
1254	-4.28818
1255	-4.29117
1256	-4.29416
1257	-4.29715
1258	-4.30014
1259	-4.30313
1260	-4.30612
1261	-4.30912
1262	-4.31211
1263	-4.3151
1264	-4.31809
1265	-4.32108
1266	-4.32407
1267	-4.32706
1268	-4.33006
1269	-4.33305
1270	-4.33604
1271	-4.33903
1272	-4.34202
1273	-4.34501
1274	-4.348
1275	-4.351
1276	-4.35399
1277	-4.35698
1278	-4.35997
1279	-4.36296
1280	-4.36595
1281	-4.36894
1282	-4.37194
1283	-4.37493
1284	-4.37792
1285	-4.38091
1286	-4.3839
1287	-4.38689
1288	-4.38988
1289	-4.39288
1290	-4.39587
1291	-4.39886
1292	-4.40185
1293	-4.40484
1294	-4.40783
1295	-4.41082
1296	-4.41382
1297	-4.41681
1298	-4.4198
1299	-4.42279
1300	-4.42578
1301	-4.42877
1302	-4.43176
1303	-4.43476
1304	-4.43775
1305	-4.44074
1306	-4.44373
1307	-4.44672
1308	-4.44971
1309	-4.4527
1310	-4.4557
1311	-4.45869
1312	-4.46168
1313	-4.46467
1314	-4.46766
1315	-4.47065
1316	-4.47364
1317	-4.47664
1318	-4.47963
1319	-4.48262
1320	-4.48561
1321	-4.4886
1322	-4.49159
1323	-4.49458
1324	-4.49758
1325	-4.50057
1326	-4.50356
1327	-4.50655
1328	-4.50954
1329	-4.51253
1330	-4.51553
1331	-4.51852
1332	-4.52151
1333	-4.5245
1334	-4.52749
1335	-4.53048
1336	-4.53347
1337	-4.53647
1338	-4.53946
1339	-4.54245
1340	-4.54544
1341	-4.54843
1342	-4.55142
1343	-4.55441
1344	-4.55741
1345	-4.5604
1346	-4.56339
1347	-4.56638
1348	-4.56937
1349	-4.57236
1350	-4.57535
1351	-4.57835
1352	-4.58134
1353	-4.58433
1354	-4.58732
1355	-4.59031
1356	-4.5933
1357	-4.59629
1358	-4.59929
1359	-4.60228
1360	-4.60527
1361	-4.60826
1362	-4.61125
1363	-4.61424
1364	-4.61723
1365	-4.62023
1366	-4.62322
1367	-4.62621
1368	-4.6292
1369	-4.63219
1370	-4.63518
1371	-4.63817
1372	-4.64117
1373	-4.64416
1374	-4.64715
1375	-4.65014
1376	-4.65313
1377	-4.65612
1378	-4.65911
1379	-4.66211
1380	-4.6651
1381	-4.66809
1382	-4.67108
1383	-4.67407
1384	-4.67706
1385	-4.68005
1386	-4.68305
1387	-4.68604
1388	-4.68903
1389	-4.69202
1390	-4.69501
1391	-4.698
1392	-4.701
1393	-4.70399
1394	-4.70698
1395	-4.70997
1396	-4.71296
1397	-4.71595
1398	-4.71894
1399	-4.72194
1400	-4.72493
1401	-4.72792
1402	-4.73091
1403	-4.7339
1404	-4.73689
1405	-4.73988
1406	-4.74288
1407	-4.74587
1408	-4.74886
1409	-4.75185
1410	-4.75484
1411	-4.75783
1412	-4.76082
1413	-4.76382
1414	-4.76681
1415	-4.7698
1416	-4.77279
1417	-4.77578
1418	-4.77877
1419	-4.78176
1420	-4.78476
1421	-4.78775
1422	-4.79074
1423	-4.79373
1424	-4.79672
1425	-4.79971
1426	-4.8027
1427	-4.8057
1428	-4.80869
1429	-4.81168
1430	-4.81467
1431	-4.81766
1432	-4.82065
1433	-4.82365
1434	-4.82664
1435	-4.82963
1436	-4.83262
1437	-4.83561
1438	-4.8386
1439	-4.84159
1440	-4.84459
1441	-4.84758
1442	-4.85057
1443	-4.85356
1444	-4.85655
1445	-4.85954
1446	-4.86253
1447	-4.86553
1448	-4.86852
1449	-4.87151
1450	-4.8745
1451	-4.87749
1452	-4.88048
1453	-4.88347
1454	-4.88647
1455	-4.88946
1456	-4.89245
1457	-4.89544
1458	-4.89843
1459	-4.90142
1460	-4.90441
1461	-4.90741
1462	-4.9104
1463	-4.91339
1464	-4.91638
1465	-4.91937
1466	-4.92236
1467	-4.92535
1468	-4.92835
1469	-4.93134
1470	-4.93433
1471	-4.93732
1472	-4.94031
1473	-4.9433
1474	-4.9463
1475	-4.94929
1476	-4.95228
1477	-4.95527
1478	-4.95826
1479	-4.96125
1480	-4.96424
1481	-4.96724
1482	-4.97023
1483	-4.97322
1484	-4.97621
1485	-4.9792
1486	-4.98219
1487	-4.98518
1488	-4.98818
1489	-4.99117
1490	-4.99416
1491	-4.99715
1492	-5.00014
1493	-5.00313
1494	-5.00612
1495	-5.00912
1496	-5.01211
1497	-5.0151
1498	-5.01809
1499	-5.02108
1500	-5.02407
1501	-5.02706
1502	-5.03006
1503	-5.03305
1504	-5.03604
1505	-5.03903
1506	-5.04202
1507	-5.04501
1508	-5.04801
1509	-5.051
1510	-5.05399
1511	-5.05698
1512	-5.05997
1513	-5.06296
1514	-5.06595
1515	-5.06895
1516	-5.07194
1517	-5.07493
1518	-5.07792
1519	-5.08091
1520	-5.0839
1521	-5.08689
1522	-5.08989
1523	-5.09288
1524	-5.09587
1525	-5.09886
1526	-5.10185
1527	-5.10484
1528	-5.10783
1529	-5.11083
1530	-5.11382
1531	-5.11681
1532	-5.1198
1533	-5.12279
1534	-5.12578
1535	-5.12877
1536	-5.13177
1537	-5.13476
1538	-5.13775
1539	-5.14074
1540	-5.14373
1541	-5.14672
1542	-5.14972
1543	-5.15271
1544	-5.1557
1545	-5.15869
1546	-5.16168
1547	-5.16467
1548	-5.16766
1549	-5.17066
1550	-5.17365
1551	-5.17664
1552	-5.17963
1553	-5.18262
1554	-5.18561
1555	-5.1886
1556	-5.1916
1557	-5.19459
1558	-5.19758
1559	-5.20057
1560	-5.20356
1561	-5.20655
1562	-5.20954
1563	-5.21254
1564	-5.21553
1565	-5.21852
1566	-5.22151
1567	-5.2245
1568	-5.22749
1569	-5.23049
1570	-5.23348
1571	-5.23647
1572	-5.23946
1573	-5.24245
1574	-5.24544
1575	-5.24843
1576	-5.25143
1577	-5.25442
1578	-5.25741
1579	-5.2604
1580	-5.26339
1581	-5.26638
1582	-5.26937
1583	-5.27237
1584	-5.27536
1585	-5.27835
1586	-5.28134
1587	-5.28433
1588	-5.28732
1589	-5.29031
1590	-5.29331
1591	-5.2963
1592	-5.29929
1593	-5.30228
1594	-5.30527
1595	-5.30826
1596	-5.31125
1597	-5.31425
1598	-5.31724
1599	-5.32023
1600	-5.32322
1601	-5.32621
1602	-5.3292
1603	-5.3322
1604	-5.33519
1605	-5.33818
1606	-5.34117
1607	-5.34416
1608	-5.34715
1609	-5.35014
1610	-5.35314
1611	-5.35613
1612	-5.35912
1613	-5.36211
1614	-5.3651
1615	-5.36809
1616	-5.37108
1617	-5.37408
1618	-5.37707
1619	-5.38006
1620	-5.38305
1621	-5.38604
1622	-5.38903
1623	-5.39202
1624	-5.39502
1625	-5.39801
1626	-5.401
1627	-5.40399
1628	-5.40698
1629	-5.40997
1630	-5.41297
1631	-5.41596
1632	-5.41895
1633	-5.42194
1634	-5.42493
1635	-5.42792
1636	-5.43091
1637	-5.43391
1638	-5.4369
1639	-5.43989
1640	-5.44288
1641	-5.44587
1642	-5.44886
1643	-5.45185
1644	-5.45485
1645	-5.45784
1646	-5.46083
1647	-5.46382
1648	-5.46681
1649	-5.4698
1650	-5.47279
1651	-5.47579
1652	-5.47878
1653	-5.48177
1654	-5.48476
1655	-5.48775
1656	-5.49074
1657	-5.49374
1658	-5.49673
1659	-5.49972
1660	-5.50271
1661	-5.5057
1662	-5.50869
1663	-5.51168
1664	-5.51468
1665	-5.51767
1666	-5.52066
1667	-5.52365
1668	-5.52664
1669	-5.52963
1670	-5.53262
1671	-5.53562
1672	-5.53861
1673	-5.5416
1674	-5.54459
1675	-5.54758
1676	-5.55057
1677	-5.55356
1678	-5.55656
1679	-5.55955
1680	-5.56254
1681	-5.56553
1682	-5.56852
1683	-5.57151
1684	-5.57451
1685	-5.5775
1686	-5.58049
1687	-5.58348
1688	-5.58647
1689	-5.58946
1690	-5.59245
1691	-5.59545
1692	-5.59844
1693	-5.60143
1694	-5.60442
1695	-5.60741
1696	-5.6104
1697	-5.61339
1698	-5.61639
1699	-5.61938
1700	-5.62237
1701	-5.62536
1702	-5.62835
1703	-5.63134
1704	-5.63433
1705	-5.63733
1706	-5.64032
1707	-5.64331
1708	-5.6463
1709	-5.64929
1710	-5.65228
1711	-5.65528
1712	-5.65827
1713	-5.66126
1714	-5.66425
1715	-5.66724
1716	-5.67023
1717	-5.67322
1718	-5.67622
1719	-5.67921
1720	-5.6822
1721	-5.68519
1722	-5.68818
1723	-5.69117
1724	-5.69416
1725	-5.69716
1726	-5.70015
1727	-5.70314
1728	-5.70613
1729	-5.70912
1730	-5.71211
1731	-5.7151
1732	-5.7181
1733	-5.72109
1734	-5.72408
1735	-5.72707
1736	-5.73006
1737	-5.73305
1738	-5.73605
1739	-5.73904
1740	-5.74203
1741	-5.74502
1742	-5.74801
1743	-5.751
1744	-5.75399
1745	-5.75699
1746	-5.75998
1747	-5.76297
1748	-5.76596
1749	-5.76895
1750	-5.77194
1751	-5.77493
1752	-5.77793
1753	-5.78092
1754	-5.78391
1755	-5.7869
1756	-5.78989
1757	-5.79288
1758	-5.79587
1759	-5.79887
1760	-5.80186
1761	-5.80485
1762	-5.80784
1763	-5.81083
1764	-5.81382
1765	-5.81682
1766	-5.81981
1767	-5.8228
1768	-5.82579
1769	-5.82878
1770	-5.83177
1771	-5.83476
1772	-5.83776
1773	-5.84075
1774	-5.84374
1775	-5.84673
1776	-5.84972
1777	-5.85271
1778	-5.8557
1779	-5.8587
1780	-5.86169
1781	-5.86468
1782	-5.86767
1783	-5.87066
1784	-5.87365
1785	-5.87664
1786	-5.87964
1787	-5.88263
1788	-5.88562
1789	-5.88861
1790	-5.8916
1791	-5.89459
1792	-5.89759
1793	-5.90058
1794	-5.90357
1795	-5.90656
1796	-5.90955
1797	-5.91254
1798	-5.91553
1799	-5.91853
1800	-5.92152
1801	-5.92451
1802	-5.9275
1803	-5.93049
1804	-5.93348
1805	-5.93647
1806	-5.93947
1807	-5.94246
1808	-5.94545
1809	-5.94844
1810	-5.95143
1811	-5.95442
1812	-5.95741
1813	-5.96041
1814	-5.9634
1815	-5.96639
1816	-5.96938
1817	-5.97237
1818	-5.97536
1819	-5.97836
1820	-5.98135
1821	-5.98434
1822	-5.98733
1823	-5.99032
1824	-5.99331
1825	-5.9963
1826	-5.9993
1827	-6.00229
