iteration(log10) 	error(log10)
1	0.981271
2	0.662626
3	0.502293
4	0.393796
5	0.311639
6	0.245169
7	0.188661
8	0.13906
9	0.0948432
10	0.055171
11	0.0194587
12	-0.0127868
13	-0.0420092
14	-0.0686088
15	-0.0929406
16	-0.115315
17	-0.135998
18	-0.155217
19	-0.173167
20	-0.19001
21	-0.205885
22	-0.22091
23	-0.235185
24	-0.248794
25	-0.26181
26	-0.274296
27	-0.286304
28	-0.297881
29	-0.309068
30	-0.319899
31	-0.330405
32	-0.340613
33	-0.350547
34	-0.360228
35	-0.369674
36	-0.378903
37	-0.387929
38	-0.396767
39	-0.405428
40	-0.413924
41	-0.422266
42	-0.430463
43	-0.438523
44	-0.446456
45	-0.454268
46	-0.461967
47	-0.46956
48	-0.477053
49	-0.484451
50	-0.491761
51	-0.498987
52	-0.506135
53	-0.513209
54	-0.520214
55	-0.527154
56	-0.534033
57	-0.540854
58	-0.547621
59	-0.554338
60	-0.561008
61	-0.567633
62	-0.574217
63	-0.580762
64	-0.58727
65	-0.593744
66	-0.600187
67	-0.606599
68	-0.612984
69	-0.619342
70	-0.625676
71	-0.631987
72	-0.638277
73	-0.644547
74	-0.650799
75	-0.657033
76	-0.66325
77	-0.669453
78	-0.675641
79	-0.681816
80	-0.687979
81	-0.69413
82	-0.70027
83	-0.7064
84	-0.712521
85	-0.718632
86	-0.724736
87	-0.730831
88	-0.736919
89	-0.743
90	-0.749075
91	-0.755143
92	-0.761206
93	-0.767263
94	-0.773315
95	-0.779363
96	-0.785406
97	-0.791444
98	-0.797479
99	-0.80351
100	-0.809537
101	-0.81556
102	-0.82158
103	-0.827597
104	-0.833611
105	-0.839623
106	-0.845631
107	-0.851637
108	-0.85764
109	-0.863641
110	-0.86964
111	-0.875637
112	-0.881631
113	-0.887623
114	-0.893613
115	-0.899602
116	-0.905588
117	-0.911573
118	-0.917556
119	-0.923537
120	-0.929517
121	-0.935495
122	-0.941471
123	-0.947446
124	-0.95342
125	-0.959392
126	-0.965362
127	-0.971332
128	-0.977299
129	-0.983266
130	-0.989231
131	-0.995195
132	-1.00116
133	-1.00712
134	-1.01308
135	-1.01904
136	-1.025
137	-1.03095
138	-1.03691
139	-1.04286
140	-1.04882
141	-1.05477
142	-1.06072
143	-1.06667
144	-1.07262
145	-1.07857
146	-1.08452
147	-1.09046
148	-1.09641
149	-1.10235
150	-1.1083
151	-1.11424
152	-1.12018
153	-1.12612
154	-1.13206
155	-1.138
156	-1.14394
157	-1.14988
158	-1.15581
159	-1.16175
160	-1.16768
161	-1.17362
162	-1.17955
163	-1.18548
164	-1.19141
165	-1.19734
166	-1.20327
167	-1.2092
168	-1.21513
169	-1.22106
170	-1.22699
171	-1.23291
172	-1.23884
173	-1.24476
174	-1.25069
175	-1.25661
176	-1.26254
177	-1.26846
178	-1.27438
179	-1.2803
180	-1.28622
181	-1.29214
182	-1.29806
183	-1.30398
184	-1.3099
185	-1.31582
186	-1.32173
187	-1.32765
188	-1.33357
189	-1.33948
190	-1.3454
191	-1.35131
192	-1.35722
193	-1.36314
194	-1.36905
195	-1.37496
196	-1.38087
197	-1.38679
198	-1.3927
199	-1.39861
200	-1.40452
201	-1.41043
202	-1.41633
203	-1.42224
204	-1.42815
205	-1.43406
206	-1.43997
207	-1.44587
208	-1.45178
209	-1.45769
210	-1.46359
211	-1.4695
212	-1.4754
213	-1.48131
214	-1.48721
215	-1.49311
216	-1.49902
217	-1.50492
218	-1.51082
219	-1.51672
220	-1.52263
221	-1.52853
222	-1.53443
223	-1.54033
224	-1.54623
225	-1.55213
226	-1.55803
227	-1.56393
228	-1.56983
229	-1.57573
230	-1.58163
231	-1.58753
232	-1.59342
233	-1.59932
234	-1.60522
235	-1.61112
236	-1.61701
237	-1.62291
238	-1.62881
239	-1.6347
240	-1.6406
241	-1.6465
242	-1.65239
243	-1.65829
244	-1.66418
245	-1.67008
246	-1.67597
247	-1.68186
248	-1.68776
249	-1.69365
250	-1.69955
251	-1.70544
252	-1.71133
253	-1.71723
254	-1.72312
255	-1.72901
256	-1.7349
257	-1.7408
258	-1.74669
259	-1.75258
260	-1.75847
261	-1.76436
262	-1.77025
263	-1.77615
264	-1.78204
265	-1.78793
266	-1.79382
267	-1.79971
268	-1.8056
269	-1.81149
270	-1.81738
271	-1.82327
272	-1.82916
273	-1.83505
274	-1.84094
275	-1.84683
276	-1.85272
277	-1.8586
278	-1.86449
279	-1.87038
280	-1.87627
281	-1.88216
282	-1.88805
283	-1.89393
284	-1.89982
285	-1.90571
286	-1.9116
287	-1.91749
288	-1.92337
289	-1.92926
290	-1.93515
291	-1.94104
292	-1.94692
293	-1.95281
294	-1.9587
295	-1.96458
296	-1.97047
297	-1.97636
298	-1.98224
299	-1.98813
300	-1.99401
301	-1.9999
302	-2.00579
303	-2.01167
304	-2.01756
305	-2.02344
306	-2.02933
307	-2.03521
308	-2.0411
309	-2.04698
310	-2.05287
311	-2.05875
312	-2.06464
313	-2.07052
314	-2.07641
315	-2.08229
316	-2.08818
317	-2.09406
318	-2.09995
319	-2.10583
320	-2.11172
321	-2.1176
322	-2.12349
323	-2.12937
324	-2.13525
325	-2.14114
326	-2.14702
327	-2.15291
328	-2.15879
329	-2.16467
330	-2.17056
331	-2.17644
332	-2.18232
333	-2.18821
334	-2.19409
335	-2.19997
336	-2.20586
337	-2.21174
338	-2.21762
339	-2.22351
340	-2.22939
341	-2.23527
342	-2.24116
343	-2.24704
344	-2.25292
345	-2.2588
346	-2.26469
347	-2.27057
348	-2.27645
349	-2.28233
350	-2.28822
351	-2.2941
352	-2.29998
353	-2.30586
354	-2.31175
355	-2.31763
356	-2.32351
357	-2.32939
358	-2.33527
359	-2.34116
360	-2.34704
361	-2.35292
362	-2.3588
363	-2.36468
364	-2.37057
365	-2.37645
366	-2.38233
367	-2.38821
368	-2.39409
369	-2.39998
370	-2.40586
371	-2.41174
372	-2.41762
373	-2.4235
374	-2.42938
375	-2.43526
376	-2.44115
377	-2.44703
378	-2.45291
379	-2.45879
380	-2.46467
381	-2.47055
382	-2.47643
383	-2.48231
384	-2.4882
385	-2.49408
386	-2.49996
387	-2.50584
388	-2.51172
389	-2.5176
390	-2.52348
391	-2.52936
392	-2.53524
393	-2.54112
394	-2.54701
395	-2.55289
396	-2.55877
397	-2.56465
398	-2.57053
399	-2.57641
400	-2.58229
401	-2.58817
402	-2.59405
403	-2.59993
404	-2.60581
405	-2.61169
406	-2.61757
407	-2.62345
408	-2.62933
409	-2.63521
410	-2.6411
411	-2.64698
412	-2.65286
413	-2.65874
414	-2.66462
415	-2.6705
416	-2.67638
417	-2.68226
418	-2.68814
419	-2.69402
420	-2.6999
421	-2.70578
422	-2.71166
423	-2.71754
424	-2.72342
425	-2.7293
426	-2.73518
427	-2.74106
428	-2.74694
429	-2.75282
430	-2.7587
431	-2.76458
432	-2.77046
433	-2.77634
434	-2.78222
435	-2.7881
436	-2.79398
437	-2.79986
438	-2.80574
439	-2.81162
440	-2.8175
441	-2.82338
442	-2.82926
443	-2.83514
444	-2.84102
445	-2.8469
446	-2.85278
447	-2.85866
448	-2.86454
449	-2.87042
450	-2.8763
451	-2.88218
452	-2.88806
453	-2.89394
454	-2.89982
455	-2.90569
456	-2.91157
457	-2.91745
458	-2.92333
459	-2.92921
460	-2.93509
461	-2.94097
462	-2.94685
463	-2.95273
464	-2.95861
465	-2.96449
466	-2.97037
467	-2.97625
468	-2.98213
469	-2.98801
470	-2.99389
471	-2.99977
472	-3.00565
473	-3.01153
474	-3.01741
475	-3.02329
476	-3.02916
477	-3.03504
478	-3.04092
479	-3.0468
480	-3.05268
481	-3.05856
482	-3.06444
483	-3.07032
484	-3.0762
485	-3.08208
486	-3.08796
487	-3.09384
488	-3.09972
489	-3.1056
490	-3.11148
491	-3.11735
492	-3.12323
493	-3.12911
494	-3.13499
495	-3.14087
496	-3.14675
497	-3.15263
498	-3.15851
499	-3.16439
500	-3.17027
501	-3.17615
502	-3.18203
503	-3.18791
504	-3.19378
505	-3.19966
506	-3.20554
507	-3.21142
508	-3.2173
509	-3.22318
510	-3.22906
511	-3.23494
512	-3.24082
513	-3.2467
514	-3.25258
515	-3.25845
516	-3.26433
517	-3.27021
518	-3.27609
519	-3.28197
520	-3.28785
521	-3.29373
522	-3.29961
523	-3.30549
524	-3.31137
525	-3.31725
526	-3.32312
527	-3.329
528	-3.33488
529	-3.34076
530	-3.34664
531	-3.35252
532	-3.3584
533	-3.36428
534	-3.37016
535	-3.37604
536	-3.38191
537	-3.38779
538	-3.39367
539	-3.39955
540	-3.40543
541	-3.41131
542	-3.41719
543	-3.42307
544	-3.42895
545	-3.43483
546	-3.4407
547	-3.44658
548	-3.45246
549	-3.45834
550	-3.46422
551	-3.4701
552	-3.47598
553	-3.48186
554	-3.48774
555	-3.49361
556	-3.49949
557	-3.50537
558	-3.51125
559	-3.51713
560	-3.52301
561	-3.52889
562	-3.53477
563	-3.54065
564	-3.54652
565	-3.5524
566	-3.55828
567	-3.56416
568	-3.57004
569	-3.57592
570	-3.5818
571	-3.58768
572	-3.59355
573	-3.59943
574	-3.60531
575	-3.61119
576	-3.61707
577	-3.62295
578	-3.62883
579	-3.63471
580	-3.64059
581	-3.64646
582	-3.65234
583	-3.65822
584	-3.6641
585	-3.66998
586	-3.67586
587	-3.68174
588	-3.68762
589	-3.69349
590	-3.69937
591	-3.70525
592	-3.71113
593	-3.71701
594	-3.72289
595	-3.72877
596	-3.73465
597	-3.74052
598	-3.7464
599	-3.75228
600	-3.75816
601	-3.76404
602	-3.76992
603	-3.7758
604	-3.78168
605	-3.78755
606	-3.79343
607	-3.79931
608	-3.80519
609	-3.81107
610	-3.81695
611	-3.82283
612	-3.82871
613	-3.83458
614	-3.84046
615	-3.84634
616	-3.85222
617	-3.8581
618	-3.86398
619	-3.86986
620	-3.87574
621	-3.88161
622	-3.88749
623	-3.89337
624	-3.89925
625	-3.90513
626	-3.91101
627	-3.91689
628	-3.92276
629	-3.92864
630	-3.93452
631	-3.9404
632	-3.94628
633	-3.95216
634	-3.95804
635	-3.96392
636	-3.96979
637	-3.97567
638	-3.98155
639	-3.98743
640	-3.99331
641	-3.99919
642	-4.00507
643	-4.01095
644	-4.01682
645	-4.0227
646	-4.02858
647	-4.03446
648	-4.04034
649	-4.04622
650	-4.0521
651	-4.05797
652	-4.06385
653	-4.06973
654	-4.07561
655	-4.08149
656	-4.08737
657	-4.09325
658	-4.09913
659	-4.105
660	-4.11088
661	-4.11676
662	-4.12264
663	-4.12852
664	-4.1344
665	-4.14028
666	-4.14615
667	-4.15203
668	-4.15791
669	-4.16379
670	-4.16967
671	-4.17555
672	-4.18143
673	-4.1873
674	-4.19318
675	-4.19906
676	-4.20494
677	-4.21082
678	-4.2167
679	-4.22258
680	-4.22846
681	-4.23433
682	-4.24021
683	-4.24609
684	-4.25197
685	-4.25785
686	-4.26373
687	-4.26961
688	-4.27548
689	-4.28136
690	-4.28724
691	-4.29312
692	-4.299
693	-4.30488
694	-4.31076
695	-4.31663
696	-4.32251
697	-4.32839
698	-4.33427
699	-4.34015
700	-4.34603
701	-4.35191
702	-4.35778
703	-4.36366
704	-4.36954
705	-4.37542
706	-4.3813
707	-4.38718
708	-4.39306
709	-4.39893
710	-4.40481
711	-4.41069
712	-4.41657
713	-4.42245
714	-4.42833
715	-4.43421
716	-4.44009
717	-4.44596
718	-4.45184
719	-4.45772
720	-4.4636
721	-4.46948
722	-4.47536
723	-4.48124
724	-4.48711
725	-4.49299
726	-4.49887
727	-4.50475
728	-4.51063
729	-4.51651
730	-4.52239
731	-4.52826
732	-4.53414
733	-4.54002
734	-4.5459
735	-4.55178
736	-4.55766
737	-4.56354
738	-4.56941
739	-4.57529
740	-4.58117
741	-4.58705
742	-4.59293
743	-4.59881
744	-4.60469
745	-4.61056
746	-4.61644
747	-4.62232
748	-4.6282
749	-4.63408
750	-4.63996
751	-4.64584
752	-4.65171
753	-4.65759
754	-4.66347
755	-4.66935
756	-4.67523
757	-4.68111
758	-4.68699
759	-4.69286
760	-4.69874
761	-4.70462
762	-4.7105
763	-4.71638
764	-4.72226
765	-4.72814
766	-4.73401
767	-4.73989
768	-4.74577
769	-4.75165
770	-4.75753
771	-4.76341
772	-4.76929
773	-4.77516
774	-4.78104
775	-4.78692
776	-4.7928
777	-4.79868
778	-4.80456
779	-4.81044
780	-4.81631
781	-4.82219
782	-4.82807
783	-4.83395
784	-4.83983
785	-4.84571
786	-4.85159
787	-4.85746
788	-4.86334
789	-4.86922
790	-4.8751
791	-4.88098
792	-4.88686
793	-4.89274
794	-4.89861
795	-4.90449
796	-4.91037
797	-4.91625
798	-4.92213
799	-4.92801
800	-4.93389
801	-4.93976
802	-4.94564
803	-4.95152
804	-4.9574
805	-4.96328
806	-4.96916
807	-4.97504
808	-4.98091
809	-4.98679
810	-4.99267
811	-4.99855
812	-5.00443
813	-5.01031
814	-5.01619
815	-5.02206
816	-5.02794
817	-5.03382
818	-5.0397
819	-5.04558
820	-5.05146
821	-5.05734
822	-5.06321
823	-5.06909
824	-5.07497
825	-5.08085
826	-5.08673
827	-5.09261
828	-5.09849
829	-5.10436
830	-5.11024
831	-5.11612
832	-5.122
833	-5.12788
834	-5.13376
835	-5.13964
836	-5.14551
837	-5.15139
838	-5.15727
839	-5.16315
840	-5.16903
841	-5.17491
842	-5.18079
843	-5.18666
844	-5.19254
845	-5.19842
846	-5.2043
847	-5.21018
848	-5.21606
849	-5.22194
850	-5.22781
851	-5.23369
852	-5.23957
853	-5.24545
854	-5.25133
855	-5.25721
856	-5.26308
857	-5.26896
858	-5.27484
859	-5.28072
860	-5.2866
861	-5.29248
862	-5.29836
863	-5.30423
864	-5.31011
865	-5.31599
866	-5.32187
867	-5.32775
868	-5.33363
869	-5.33951
870	-5.34538
871	-5.35126
872	-5.35714
873	-5.36302
874	-5.3689
875	-5.37478
876	-5.38066
877	-5.38653
878	-5.39241
879	-5.39829
880	-5.40417
881	-5.41005
882	-5.41593
883	-5.42181
884	-5.42768
885	-5.43356
886	-5.43944
887	-5.44532
888	-5.4512
889	-5.45708
890	-5.46296
891	-5.46883
892	-5.47471
893	-5.48059
894	-5.48647
895	-5.49235
896	-5.49823
897	-5.50411
898	-5.50998
899	-5.51586
900	-5.52174
901	-5.52762
902	-5.5335
903	-5.53938
904	-5.54526
905	-5.55113
906	-5.55701
907	-5.56289
908	-5.56877
909	-5.57465
910	-5.58053
911	-5.58641
912	-5.59228
913	-5.59816
914	-5.60404
915	-5.60992
916	-5.6158
917	-5.62168
918	-5.62756
919	-5.63343
920	-5.63931
921	-5.64519
922	-5.65107
923	-5.65695
924	-5.66283
925	-5.6687
926	-5.67458
927	-5.68046
928	-5.68634
929	-5.69222
930	-5.6981
931	-5.70398
932	-5.70985
933	-5.71573
934	-5.72161
935	-5.72749
936	-5.73337
937	-5.73925
938	-5.74513
939	-5.751
940	-5.75688
941	-5.76276
942	-5.76864
943	-5.77452
944	-5.7804
945	-5.78628
946	-5.79215
947	-5.79803
948	-5.80391
949	-5.80979
950	-5.81567
951	-5.82155
952	-5.82743
953	-5.8333
954	-5.83918
955	-5.84506
956	-5.85094
957	-5.85682
958	-5.8627
959	-5.86858
960	-5.87445
961	-5.88033
962	-5.88621
963	-5.89209
964	-5.89797
965	-5.90385
966	-5.90973
967	-5.9156
968	-5.92148
969	-5.92736
970	-5.93324
971	-5.93912
972	-5.945
973	-5.95088
974	-5.95675
975	-5.96263
976	-5.96851
977	-5.97439
978	-5.98027
979	-5.98615
980	-5.99203
981	-5.9979
982	-6.00378
